
=== WYDRUK: pierwszych 5 rekordów ocen ===
   userId  movieId  rating
0       1        1     9.0
1       1        2     8.0
2       1        3     9.0
3       1        4     3.0
4       1        5     9.0
===========================

=== WYDRUK: pierwszych 5 rekordów filmów ===
   movieId                                  title
0        1                                   1670
1        2  Jak sprzedawać dragi w sieci (szybko)
2        3                             Samce Alfa
3        4                                Lucyfer
4        5                    Niebieskoki Samuraj
===========================

=== WYDRUK: macierzy Użytkownik × Film ===
movieId   1    2    3     4    5    6    7    ...  334  335  336  337  338  339  340
userId                                        ...                                   
1         9.0  8.0  9.0   3.0  9.0  9.0  7.0  ...  0.0  0.0  0.0  0.0  0.0  0.0  0.0
2         0.0  0.0  0.0   0.0  0.0  0.0  0.0  ...  0.0  0.0  0.0  0.0  0.0  0.0  0.0
3         0.0  0.0  0.0   4.0  0.0  0.0  0.0  ...  0.0  0.0  0.0  0.0  0.0  0.0  0.0
4         0.0  0.0  0.0   0.0  0.0  0.0  0.0  ...  0.0  0.0  0.0  0.0  0.0  0.0  0.0
5         0.0  0.0  0.0   0.0  0.0  0.0  0.0  ...  0.0  0.0  0.0  0.0  0.0  0.0  0.0
6         8.0  0.0  0.0   0.0  0.0  8.0  7.0  ...  0.0  0.0  0.0  0.0  0.0  0.0  0.0
7         0.0  0.0  0.0   0.0  0.0  0.0  0.0  ...  0.0  0.0  0.0  0.0  0.0  0.0  0.0
8         0.0  0.0  0.0   0.0  0.0  0.0  0.0  ...  0.0  0.0  0.0  0.0  0.0  0.0  0.0
9         0.0  0.0  0.0   0.0  0.0  0.0  0.0  ...  0.0  0.0  0.0  0.0  0.0  0.0  0.0
10        8.0  6.0  0.0   0.0  0.0  0.0  0.0  ...  0.0  0.0  0.0  0.0  0.0  0.0  0.0
11        0.0  0.0  0.0   0.0  0.0  0.0  0.0  ...  0.0  0.0  0.0  0.0  0.0  0.0  0.0
12        0.0  0.0  0.0   0.0  0.0  0.0  0.0  ...  0.0  0.0  0.0  0.0  0.0  0.0  0.0
13        0.0  0.0  0.0  10.0  0.0  0.0  0.0  ...  0.0  0.0  0.0  0.0  0.0  0.0  0.0
14        3.0  0.0  0.0   0.0  0.0  0.0  0.0  ...  0.0  0.0  0.0  0.0  0.0  0.0  0.0
15        8.0  9.0  0.0   0.0  0.0  0.0  0.0  ...  0.0  0.0  0.0  0.0  0.0  0.0  0.0
16       10.0  0.0  0.0   7.0  0.0  0.0  0.0  ...  8.0  8.0  9.0  7.0  9.0  7.0  7.0

[16 rows x 339 columns]
===========================

=== WYDRUK: macierzy podobieństwa filmów ===
          1         2         3    ...       338       339       340
1    1.000000  0.730181  0.460480  ...  0.511645  0.511645  0.511645
2    0.730181  1.000000  0.594635  ...  0.000000  0.000000  0.000000
3    0.460480  0.594635  1.000000  ...  0.000000  0.000000  0.000000
4    0.376240  0.135238  0.227429  ...  0.530669  0.530669  0.530669
5    0.460480  0.594635  1.000000  ...  0.000000  0.000000  0.000000
..        ...       ...       ...  ...       ...       ...       ...
336  0.511645  0.000000  0.000000  ...  1.000000  1.000000  1.000000
337  0.511645  0.000000  0.000000  ...  1.000000  1.000000  1.000000
338  0.511645  0.000000  0.000000  ...  1.000000  1.000000  1.000000
339  0.511645  0.000000  0.000000  ...  1.000000  1.000000  1.000000
340  0.511645  0.000000  0.000000  ...  1.000000  1.000000  1.000000

[339 rows x 339 columns]
===========================

=== WYDRUK: tabeli rekomendacji ===
   movieId                                      title  predicted_score
0      271  Gwiezdne wojny: część III – Zemsta Sithów         2.806284
1      272                     Straight Outta Compton         2.806284
2      273                                  Nosferatu         2.806284
3      282                                      Lupin         2.658649
4      274                                The Witcher         2.570971
===========================

=== WYDRUK: macierzy podobieństwa filmów ===
          1         2         3    ...       338       339       340
1    1.000000  0.730181  0.460480  ...  0.511645  0.511645  0.511645
2    0.730181  1.000000  0.594635  ...  0.000000  0.000000  0.000000
3    0.460480  0.594635  1.000000  ...  0.000000  0.000000  0.000000
4    0.376240  0.135238  0.227429  ...  0.530669  0.530669  0.530669
5    0.460480  0.594635  1.000000  ...  0.000000  0.000000  0.000000
..        ...       ...       ...  ...       ...       ...       ...
336  0.511645  0.000000  0.000000  ...  1.000000  1.000000  1.000000
337  0.511645  0.000000  0.000000  ...  1.000000  1.000000  1.000000
338  0.511645  0.000000  0.000000  ...  1.000000  1.000000  1.000000
339  0.511645  0.000000  0.000000  ...  1.000000  1.000000  1.000000
340  0.511645  0.000000  0.000000  ...  1.000000  1.000000  1.000000

[339 rows x 339 columns]
===========================

=== WYDRUK: tabeli rekomendacji ===
   movieId                                      title  predicted_score
0      271  Gwiezdne wojny: część III – Zemsta Sithów         2.806284
1      272                     Straight Outta Compton         2.806284
2      273                                  Nosferatu         2.806284
3      282                                      Lupin         2.658649
4      274                                The Witcher         2.570971
===========================

=== WYDRUK: tabeli rekomendacji ===
   movieId                    title  predicted_score
0       16   Dziennik Bridget Jones              1.0
1       79              Adolescence              1.0
2       80             Black Mirror              1.0
3       81  Orange is the new balck              1.0
4       82                    Pętla              1.0
===========================

=== WYDRUK: pierwszych 5 rekordów ocen ===
   userId  movieId  rating
0       1        1     9.0
1       1        2     8.0
2       1        3     9.0
3       1        4     3.0
4       1        5     9.0
===========================

=== WYDRUK: pierwszych 5 rekordów filmów ===
   movieId                                  title
0        1                                   1670
1        2  Jak sprzedawać dragi w sieci (szybko)
2        3                             Samce Alfa
3        4                                Lucyfer
4        5                    Niebieskoki Samuraj
===========================

=== WYDRUK: macierzy Użytkownik × Film ===
movieId   1    2    3     4    5    6    7    ...  334  335  336  337  338  339  340
userId                                        ...                                   
1         9.0  8.0  9.0   3.0  9.0  9.0  7.0  ...  0.0  0.0  0.0  0.0  0.0  0.0  0.0
2         0.0  0.0  0.0   0.0  0.0  0.0  0.0  ...  0.0  0.0  0.0  0.0  0.0  0.0  0.0
3         0.0  0.0  0.0   4.0  0.0  0.0  0.0  ...  0.0  0.0  0.0  0.0  0.0  0.0  0.0
4         0.0  0.0  0.0   0.0  0.0  0.0  0.0  ...  0.0  0.0  0.0  0.0  0.0  0.0  0.0
5         0.0  0.0  0.0   0.0  0.0  0.0  0.0  ...  0.0  0.0  0.0  0.0  0.0  0.0  0.0
6         8.0  0.0  0.0   0.0  0.0  8.0  7.0  ...  0.0  0.0  0.0  0.0  0.0  0.0  0.0
7         0.0  0.0  0.0   0.0  0.0  0.0  0.0  ...  0.0  0.0  0.0  0.0  0.0  0.0  0.0
8         0.0  0.0  0.0   0.0  0.0  0.0  0.0  ...  0.0  0.0  0.0  0.0  0.0  0.0  0.0
9         0.0  0.0  0.0   0.0  0.0  0.0  0.0  ...  0.0  0.0  0.0  0.0  0.0  0.0  0.0
10        8.0  6.0  0.0   0.0  0.0  0.0  0.0  ...  0.0  0.0  0.0  0.0  0.0  0.0  0.0
11        0.0  0.0  0.0   0.0  0.0  0.0  0.0  ...  0.0  0.0  0.0  0.0  0.0  0.0  0.0
12        0.0  0.0  0.0   0.0  0.0  0.0  0.0  ...  0.0  0.0  0.0  0.0  0.0  0.0  0.0
13        0.0  0.0  0.0  10.0  0.0  0.0  0.0  ...  0.0  0.0  0.0  0.0  0.0  0.0  0.0
14        3.0  0.0  0.0   0.0  0.0  0.0  0.0  ...  0.0  0.0  0.0  0.0  0.0  0.0  0.0
15        8.0  9.0  0.0   0.0  0.0  0.0  0.0  ...  0.0  0.0  0.0  0.0  0.0  0.0  0.0
16       10.0  0.0  0.0   7.0  0.0  0.0  0.0  ...  8.0  8.0  9.0  7.0  9.0  7.0  7.0

[16 rows x 339 columns]
===========================

=== WYDRUK: macierzy podobieństwa filmów ===
          1         2         3    ...       338       339       340
1    1.000000  0.730181  0.460480  ...  0.511645  0.511645  0.511645
2    0.730181  1.000000  0.594635  ...  0.000000  0.000000  0.000000
3    0.460480  0.594635  1.000000  ...  0.000000  0.000000  0.000000
4    0.376240  0.135238  0.227429  ...  0.530669  0.530669  0.530669
5    0.460480  0.594635  1.000000  ...  0.000000  0.000000  0.000000
..        ...       ...       ...  ...       ...       ...       ...
336  0.511645  0.000000  0.000000  ...  1.000000  1.000000  1.000000
337  0.511645  0.000000  0.000000  ...  1.000000  1.000000  1.000000
338  0.511645  0.000000  0.000000  ...  1.000000  1.000000  1.000000
339  0.511645  0.000000  0.000000  ...  1.000000  1.000000  1.000000
340  0.511645  0.000000  0.000000  ...  1.000000  1.000000  1.000000

[339 rows x 339 columns]
===========================

=== WYDRUK: tabeli rekomendacji ===
   movieId                    title  predicted_score
0       16   Dziennik Bridget Jones              1.0
1       79              Adolescence              1.0
2       80             Black Mirror              1.0
3       81  Orange is the new balck              1.0
4       82                    Pętla              1.0
===========================

=== WYDRUK: tabeli rekomendacji ===
   movieId          title  predicted_score
0       97   The Sopranos              1.0
1       99  Dobre Miejsce              1.0
2      100    Dzień świra              1.0
3      101      Big Mouth              1.0
4      102      The Ranch              1.0
===========================

=== WYDRUK: macierzy podobieństwa filmów ===
          1         2         3         4       ...  193583  193585  193587  193609
1       1.000000  0.410562  0.296917  0.035573  ...     0.0     0.0     0.0     0.0
2       0.410562  1.000000  0.282438  0.106415  ...     0.0     0.0     0.0     0.0
3       0.296917  0.282438  1.000000  0.092406  ...     0.0     0.0     0.0     0.0
4       0.035573  0.106415  0.092406  1.000000  ...     0.0     0.0     0.0     0.0
5       0.308762  0.287795  0.417802  0.188376  ...     0.0     0.0     0.0     0.0
...          ...       ...       ...       ...  ...     ...     ...     ...     ...
193581  0.000000  0.000000  0.000000  0.000000  ...     1.0     1.0     1.0     0.0
193583  0.000000  0.000000  0.000000  0.000000  ...     1.0     1.0     1.0     0.0
193585  0.000000  0.000000  0.000000  0.000000  ...     1.0     1.0     1.0     0.0
193587  0.000000  0.000000  0.000000  0.000000  ...     1.0     1.0     1.0     0.0
193609  0.000000  0.000000  0.000000  0.000000  ...     0.0     0.0     0.0     1.0

[9724 rows x 9724 columns]
===========================

=== WYDRUK: tabeli rekomendacji ===
   movieId                                  title  predicted_score
0        2                         Jumanji (1995)              1.0
1       10                       GoldenEye (1995)              1.0
2       16                          Casino (1995)              1.0
3       19  Ace Ventura: When Nature Calls (1995)              1.0
4       21                      Get Shorty (1995)              1.0
===========================

=== WYDRUK: pierwszych 5 rekordów ocen ===
   userId  movieId  rating
0       1        1     9.0
1       1        2     8.0
2       1        3     9.0
3       1        4     3.0
4       1        5     9.0
===========================

=== WYDRUK: pierwszych 5 rekordów filmów ===
   movieId                                  title
0        1                                   1670
1        2  Jak sprzedawać dragi w sieci (szybko)
2        3                             Samce Alfa
3        4                                Lucyfer
4        5                    Niebieskoki Samuraj
===========================

=== WYDRUK: macierzy Użytkownik × Film ===
movieId   1    2    3     4    5    6    7    ...  334  335  336  337  338  339  340
userId                                        ...                                   
1         9.0  8.0  9.0   3.0  9.0  9.0  7.0  ...  0.0  0.0  0.0  0.0  0.0  0.0  0.0
2         0.0  0.0  0.0   0.0  0.0  0.0  0.0  ...  0.0  0.0  0.0  0.0  0.0  0.0  0.0
3         0.0  0.0  0.0   4.0  0.0  0.0  0.0  ...  0.0  0.0  0.0  0.0  0.0  0.0  0.0
4         0.0  0.0  0.0   0.0  0.0  0.0  0.0  ...  0.0  0.0  0.0  0.0  0.0  0.0  0.0
5         0.0  0.0  0.0   0.0  0.0  0.0  0.0  ...  0.0  0.0  0.0  0.0  0.0  0.0  0.0
6         8.0  0.0  0.0   0.0  0.0  8.0  7.0  ...  0.0  0.0  0.0  0.0  0.0  0.0  0.0
7         0.0  0.0  0.0   0.0  0.0  0.0  0.0  ...  0.0  0.0  0.0  0.0  0.0  0.0  0.0
8         0.0  0.0  0.0   0.0  0.0  0.0  0.0  ...  0.0  0.0  0.0  0.0  0.0  0.0  0.0
9         0.0  0.0  0.0   0.0  0.0  0.0  0.0  ...  0.0  0.0  0.0  0.0  0.0  0.0  0.0
10        8.0  6.0  0.0   0.0  0.0  0.0  0.0  ...  0.0  0.0  0.0  0.0  0.0  0.0  0.0
11        0.0  0.0  0.0   0.0  0.0  0.0  0.0  ...  0.0  0.0  0.0  0.0  0.0  0.0  0.0
12        0.0  0.0  0.0   0.0  0.0  0.0  0.0  ...  0.0  0.0  0.0  0.0  0.0  0.0  0.0
13        0.0  0.0  0.0  10.0  0.0  0.0  0.0  ...  0.0  0.0  0.0  0.0  0.0  0.0  0.0
14        3.0  0.0  0.0   0.0  0.0  0.0  0.0  ...  0.0  0.0  0.0  0.0  0.0  0.0  0.0
15        8.0  9.0  0.0   0.0  0.0  0.0  0.0  ...  0.0  0.0  0.0  0.0  0.0  0.0  0.0
16       10.0  0.0  0.0   7.0  0.0  0.0  0.0  ...  8.0  8.0  9.0  7.0  9.0  7.0  7.0

[16 rows x 339 columns]
===========================

=== WYDRUK: macierzy podobieństwa filmów ===
          1         2         3    ...       338       339       340
1    1.000000  0.730181  0.460480  ...  0.511645  0.511645  0.511645
2    0.730181  1.000000  0.594635  ...  0.000000  0.000000  0.000000
3    0.460480  0.594635  1.000000  ...  0.000000  0.000000  0.000000
4    0.376240  0.135238  0.227429  ...  0.530669  0.530669  0.530669
5    0.460480  0.594635  1.000000  ...  0.000000  0.000000  0.000000
..        ...       ...       ...  ...       ...       ...       ...
336  0.511645  0.000000  0.000000  ...  1.000000  1.000000  1.000000
337  0.511645  0.000000  0.000000  ...  1.000000  1.000000  1.000000
338  0.511645  0.000000  0.000000  ...  1.000000  1.000000  1.000000
339  0.511645  0.000000  0.000000  ...  1.000000  1.000000  1.000000
340  0.511645  0.000000  0.000000  ...  1.000000  1.000000  1.000000

[339 rows x 339 columns]
===========================

=== WYDRUK: pierwszych 5 rekordów ocen ===
   userId  movieId  rating
0       1        1     9.0
1       1        2     8.0
2       1        3     9.0
3       1        4     3.0
4       1        5     9.0
===========================

=== WYDRUK: pierwszych 5 rekordów filmów ===
   movieId                                  title
0        1                                   1670
1        2  Jak sprzedawać dragi w sieci (szybko)
2        3                             Samce Alfa
3        4                                Lucyfer
4        5                    Niebieskoki Samuraj
===========================

=== WYDRUK: macierzy Użytkownik × Film ===
movieId   1    2    3     4    5    6    7    ...  334  335  336  337  338  339  340
userId                                        ...                                   
1         9.0  8.0  9.0   3.0  9.0  9.0  7.0  ...  0.0  0.0  0.0  0.0  0.0  0.0  0.0
2         0.0  0.0  0.0   0.0  0.0  0.0  0.0  ...  0.0  0.0  0.0  0.0  0.0  0.0  0.0
3         0.0  0.0  0.0   4.0  0.0  0.0  0.0  ...  0.0  0.0  0.0  0.0  0.0  0.0  0.0
4         0.0  0.0  0.0   0.0  0.0  0.0  0.0  ...  0.0  0.0  0.0  0.0  0.0  0.0  0.0
5         0.0  0.0  0.0   0.0  0.0  0.0  0.0  ...  0.0  0.0  0.0  0.0  0.0  0.0  0.0
6         8.0  0.0  0.0   0.0  0.0  8.0  7.0  ...  0.0  0.0  0.0  0.0  0.0  0.0  0.0
7         0.0  0.0  0.0   0.0  0.0  0.0  0.0  ...  0.0  0.0  0.0  0.0  0.0  0.0  0.0
8         0.0  0.0  0.0   0.0  0.0  0.0  0.0  ...  0.0  0.0  0.0  0.0  0.0  0.0  0.0
9         0.0  0.0  0.0   0.0  0.0  0.0  0.0  ...  0.0  0.0  0.0  0.0  0.0  0.0  0.0
10        8.0  6.0  0.0   0.0  0.0  0.0  0.0  ...  0.0  0.0  0.0  0.0  0.0  0.0  0.0
11        0.0  0.0  0.0   0.0  0.0  0.0  0.0  ...  0.0  0.0  0.0  0.0  0.0  0.0  0.0
12        0.0  0.0  0.0   0.0  0.0  0.0  0.0  ...  0.0  0.0  0.0  0.0  0.0  0.0  0.0
13        0.0  0.0  0.0  10.0  0.0  0.0  0.0  ...  0.0  0.0  0.0  0.0  0.0  0.0  0.0
14        3.0  0.0  0.0   0.0  0.0  0.0  0.0  ...  0.0  0.0  0.0  0.0  0.0  0.0  0.0
15        8.0  9.0  0.0   0.0  0.0  0.0  0.0  ...  0.0  0.0  0.0  0.0  0.0  0.0  0.0
16       10.0  0.0  0.0   7.0  0.0  0.0  0.0  ...  8.0  8.0  9.0  7.0  9.0  7.0  7.0

[16 rows x 339 columns]
===========================

=== WYDRUK: macierzy podobieństwa filmów ===
          1         2         3    ...       338       339       340
1    1.000000  0.730181  0.460480  ...  0.511645  0.511645  0.511645
2    0.730181  1.000000  0.594635  ...  0.000000  0.000000  0.000000
3    0.460480  0.594635  1.000000  ...  0.000000  0.000000  0.000000
4    0.376240  0.135238  0.227429  ...  0.530669  0.530669  0.530669
5    0.460480  0.594635  1.000000  ...  0.000000  0.000000  0.000000
..        ...       ...       ...  ...       ...       ...       ...
336  0.511645  0.000000  0.000000  ...  1.000000  1.000000  1.000000
337  0.511645  0.000000  0.000000  ...  1.000000  1.000000  1.000000
338  0.511645  0.000000  0.000000  ...  1.000000  1.000000  1.000000
339  0.511645  0.000000  0.000000  ...  1.000000  1.000000  1.000000
340  0.511645  0.000000  0.000000  ...  1.000000  1.000000  1.000000

[339 rows x 339 columns]
===========================

=== WYDRUK: tabeli rekomendacji ===
   movieId                    title  predicted_score
0       16   Dziennik Bridget Jones              1.0
1       79              Adolescence              1.0
2       80             Black Mirror              1.0
3       81  Orange is the new balck              1.0
4       82                    Pętla              1.0
===========================

=== WYDRUK: tabeli rekomendacji ===
   movieId                    title  predicted_score
0       16   Dziennik Bridget Jones              1.0
1       79              Adolescence              1.0
2       80             Black Mirror              1.0
3       81  Orange is the new balck              1.0
4       82                    Pętla              1.0
===========================

=== WYDRUK: tabeli rekomendacji ===
   movieId                                      title  predicted_score
0      271  Gwiezdne wojny: część III – Zemsta Sithów         1.000000
1      272                     Straight Outta Compton         1.000000
2      273                                  Nosferatu         1.000000
3       39                             Peaky Blinders         0.856449
4       23                               Forrest Gump         0.816504
===========================

=== WYDRUK: pierwszych 5 rekordów ocen ===
   userId  movieId  rating
0       1        1     9.0
1       1        2     8.0
2       1        3     9.0
3       1        4     3.0
4       1        5     9.0
===========================

=== WYDRUK: pierwszych 5 rekordów filmów ===
   movieId                                  title
0        1                                   1670
1        2  Jak sprzedawać dragi w sieci (szybko)
2        3                             Samce Alfa
3        4                                Lucyfer
4        5                    Niebieskoki Samuraj
===========================

=== WYDRUK: macierzy Użytkownik × Film ===
movieId   1    2    3     4    5    6    7    ...  334  335  336  337  338  339  340
userId                                        ...                                   
1         9.0  8.0  9.0   3.0  9.0  9.0  7.0  ...  0.0  0.0  0.0  0.0  0.0  0.0  0.0
2         0.0  0.0  0.0   0.0  0.0  0.0  0.0  ...  0.0  0.0  0.0  0.0  0.0  0.0  0.0
3         0.0  0.0  0.0   4.0  0.0  0.0  0.0  ...  0.0  0.0  0.0  0.0  0.0  0.0  0.0
4         0.0  0.0  0.0   0.0  0.0  0.0  0.0  ...  0.0  0.0  0.0  0.0  0.0  0.0  0.0
5         0.0  0.0  0.0   0.0  0.0  0.0  0.0  ...  0.0  0.0  0.0  0.0  0.0  0.0  0.0
6         8.0  0.0  0.0   0.0  0.0  8.0  7.0  ...  0.0  0.0  0.0  0.0  0.0  0.0  0.0
7         0.0  0.0  0.0   0.0  0.0  0.0  0.0  ...  0.0  0.0  0.0  0.0  0.0  0.0  0.0
8         0.0  0.0  0.0   0.0  0.0  0.0  0.0  ...  0.0  0.0  0.0  0.0  0.0  0.0  0.0
9         0.0  0.0  0.0   0.0  0.0  0.0  0.0  ...  0.0  0.0  0.0  0.0  0.0  0.0  0.0
10        8.0  6.0  0.0   0.0  0.0  0.0  0.0  ...  0.0  0.0  0.0  0.0  0.0  0.0  0.0
11        0.0  0.0  0.0   0.0  0.0  0.0  0.0  ...  0.0  0.0  0.0  0.0  0.0  0.0  0.0
12        0.0  0.0  0.0   0.0  0.0  0.0  0.0  ...  0.0  0.0  0.0  0.0  0.0  0.0  0.0
13        0.0  0.0  0.0  10.0  0.0  0.0  0.0  ...  0.0  0.0  0.0  0.0  0.0  0.0  0.0
14        3.0  0.0  0.0   0.0  0.0  0.0  0.0  ...  0.0  0.0  0.0  0.0  0.0  0.0  0.0
15        8.0  9.0  0.0   0.0  0.0  0.0  0.0  ...  0.0  0.0  0.0  0.0  0.0  0.0  0.0
16       10.0  0.0  0.0   7.0  0.0  0.0  0.0  ...  8.0  8.0  9.0  7.0  9.0  7.0  7.0

[16 rows x 339 columns]
===========================

=== WYDRUK: macierzy podobieństwa filmów ===
          1         2         3    ...       338       339       340
1    1.000000  0.730181  0.460480  ...  0.511645  0.511645  0.511645
2    0.730181  1.000000  0.594635  ...  0.000000  0.000000  0.000000
3    0.460480  0.594635  1.000000  ...  0.000000  0.000000  0.000000
4    0.376240  0.135238  0.227429  ...  0.530669  0.530669  0.530669
5    0.460480  0.594635  1.000000  ...  0.000000  0.000000  0.000000
..        ...       ...       ...  ...       ...       ...       ...
336  0.511645  0.000000  0.000000  ...  1.000000  1.000000  1.000000
337  0.511645  0.000000  0.000000  ...  1.000000  1.000000  1.000000
338  0.511645  0.000000  0.000000  ...  1.000000  1.000000  1.000000
339  0.511645  0.000000  0.000000  ...  1.000000  1.000000  1.000000
340  0.511645  0.000000  0.000000  ...  1.000000  1.000000  1.000000

[339 rows x 339 columns]
===========================

=== WYDRUK: tabeli rekomendacji ===
   movieId                                      title  predicted_score
0      226                               Breaking Bad              1.0
1      271  Gwiezdne wojny: część III – Zemsta Sithów              1.0
2      272                     Straight Outta Compton              1.0
3      273                                  Nosferatu              1.0
4      277                                   Avengers              1.0
===========================

=== WYDRUK: pierwszych 5 rekordów ocen ===
   userId  movieId  rating
0       1        1     4.0
1       1        3     4.0
2       1        6     4.0
3       1       47     5.0
4       1       50     5.0
===========================

=== WYDRUK: pierwszych 5 rekordów filmów ===
   movieId                               title                                       genres
0        1                    Toy Story (1995)  Adventure|Animation|Children|Comedy|Fantasy
1        2                      Jumanji (1995)                   Adventure|Children|Fantasy
2        3             Grumpier Old Men (1995)                               Comedy|Romance
3        4            Waiting to Exhale (1995)                         Comedy|Drama|Romance
4        5  Father of the Bride Part II (1995)                                       Comedy
===========================

=== WYDRUK: pierwszych 5 rekordów ocen ===
   userId  movieId  rating
0       1        1     4.0
1       1        3     4.0
2       1        6     4.0
3       1       47     5.0
4       1       50     5.0
===========================

=== WYDRUK: pierwszych 5 rekordów filmów ===
   movieId                               title                                       genres
0        1                    Toy Story (1995)  Adventure|Animation|Children|Comedy|Fantasy
1        2                      Jumanji (1995)                   Adventure|Children|Fantasy
2        3             Grumpier Old Men (1995)                               Comedy|Romance
3        4            Waiting to Exhale (1995)                         Comedy|Drama|Romance
4        5  Father of the Bride Part II (1995)                                       Comedy
===========================

=== WYDRUK: macierzy Użytkownik × Film ===
movieId  1       2       3       4       5       6       7       8       9       10      11      12      ...  190221  191005  193565  193567  193571  193573  193579  193581  193583  193585  193587  193609
userId                                                                                                   ...                                                                                                
1           4.0     0.0     4.0     0.0     0.0     4.0     0.0     0.0     0.0     0.0     0.0     0.0  ...     0.0     0.0     0.0     0.0     0.0     0.0     0.0     0.0     0.0     0.0     0.0     0.0
2           0.0     0.0     0.0     0.0     0.0     0.0     0.0     0.0     0.0     0.0     0.0     0.0  ...     0.0     0.0     0.0     0.0     0.0     0.0     0.0     0.0     0.0     0.0     0.0     0.0
3           0.0     0.0     0.0     0.0     0.0     0.0     0.0     0.0     0.0     0.0     0.0     0.0  ...     0.0     0.0     0.0     0.0     0.0     0.0     0.0     0.0     0.0     0.0     0.0     0.0
4           0.0     0.0     0.0     0.0     0.0     0.0     0.0     0.0     0.0     0.0     0.0     0.0  ...     0.0     0.0     0.0     0.0     0.0     0.0     0.0     0.0     0.0     0.0     0.0     0.0
5           4.0     0.0     0.0     0.0     0.0     0.0     0.0     0.0     0.0     0.0     0.0     0.0  ...     0.0     0.0     0.0     0.0     0.0     0.0     0.0     0.0     0.0     0.0     0.0     0.0
...         ...     ...     ...     ...     ...     ...     ...     ...     ...     ...     ...     ...  ...     ...     ...     ...     ...     ...     ...     ...     ...     ...     ...     ...     ...
606         2.5     0.0     0.0     0.0     0.0     0.0     2.5     0.0     0.0     0.0     2.5     0.0  ...     0.0     0.0     0.0     0.0     0.0     0.0     0.0     0.0     0.0     0.0     0.0     0.0
607         4.0     0.0     0.0     0.0     0.0     0.0     0.0     0.0     0.0     0.0     3.0     0.0  ...     0.0     0.0     0.0     0.0     0.0     0.0     0.0     0.0     0.0     0.0     0.0     0.0
608         2.5     2.0     2.0     0.0     0.0     0.0     0.0     0.0     0.0     4.0     0.0     0.0  ...     0.0     0.0     0.0     0.0     0.0     0.0     0.0     0.0     0.0     0.0     0.0     0.0
609         3.0     0.0     0.0     0.0     0.0     0.0     0.0     0.0     0.0     4.0     0.0     0.0  ...     0.0     0.0     0.0     0.0     0.0     0.0     0.0     0.0     0.0     0.0     0.0     0.0
610         5.0     0.0     0.0     0.0     0.0     5.0     0.0     0.0     0.0     0.0     0.0     0.0  ...     0.0     0.0     0.0     0.0     0.0     0.0     0.0     0.0     0.0     0.0     0.0     0.0

[610 rows x 9724 columns]
===========================

=== WYDRUK: macierzy podobieństwa filmów ===
          1         2         3         4         5         6         7         8         9         10      ...  193565  193567  193571  193573  193579  193581  193583  193585  193587  193609
1       1.000000  0.410562  0.296917  0.035573  0.308762  0.376316  0.277491  0.131629  0.232586  0.395573  ...     0.0     0.0     0.0     0.0     0.0     0.0     0.0     0.0     0.0     0.0
2       0.410562  1.000000  0.282438  0.106415  0.287795  0.297009  0.228576  0.172498  0.044835  0.417693  ...     0.0     0.0     0.0     0.0     0.0     0.0     0.0     0.0     0.0     0.0
3       0.296917  0.282438  1.000000  0.092406  0.417802  0.284257  0.402831  0.313434  0.304840  0.242954  ...     0.0     0.0     0.0     0.0     0.0     0.0     0.0     0.0     0.0     0.0
4       0.035573  0.106415  0.092406  1.000000  0.188376  0.089685  0.275035  0.158022  0.000000  0.095598  ...     0.0     0.0     0.0     0.0     0.0     0.0     0.0     0.0     0.0     0.0
5       0.308762  0.287795  0.417802  0.188376  1.000000  0.298969  0.474002  0.283523  0.335058  0.218061  ...     0.0     0.0     0.0     0.0     0.0     0.0     0.0     0.0     0.0     0.0
...          ...       ...       ...       ...       ...       ...       ...       ...       ...       ...  ...     ...     ...     ...     ...     ...     ...     ...     ...     ...     ...
193581  0.000000  0.000000  0.000000  0.000000  0.000000  0.000000  0.000000  0.000000  0.000000  0.000000  ...     1.0     1.0     1.0     1.0     1.0     1.0     1.0     1.0     1.0     0.0
193583  0.000000  0.000000  0.000000  0.000000  0.000000  0.000000  0.000000  0.000000  0.000000  0.000000  ...     1.0     1.0     1.0     1.0     1.0     1.0     1.0     1.0     1.0     0.0
193585  0.000000  0.000000  0.000000  0.000000  0.000000  0.000000  0.000000  0.000000  0.000000  0.000000  ...     1.0     1.0     1.0     1.0     1.0     1.0     1.0     1.0     1.0     0.0
193587  0.000000  0.000000  0.000000  0.000000  0.000000  0.000000  0.000000  0.000000  0.000000  0.000000  ...     1.0     1.0     1.0     1.0     1.0     1.0     1.0     1.0     1.0     0.0
193609  0.000000  0.000000  0.000000  0.000000  0.000000  0.000000  0.000000  0.000000  0.000000  0.072542  ...     0.0     0.0     0.0     0.0     0.0     0.0     0.0     0.0     0.0     1.0

[9724 rows x 9724 columns]
===========================

=== WYDRUK: tabeli rekomendacji ===
   movieId                                       title  predicted_score
0     1569             My Best Friend's Wedding (1997)              1.0
1     1704                    Good Will Hunting (1997)              1.0
2     2324  Life Is Beautiful (La Vita è bella) (1997)              1.0
3     2572           10 Things I Hate About You (1999)              1.0
4     3147                      Green Mile, The (1999)              1.0
===========================
